5
Human      0.000000 0.000000 0.000000 0.029130 0.029130 
Chimpanzee 0.000000 0.000000 0.000000 0.029130 0.029130 
Gorilla    0.000000 0.000000 0.000000 0.029130 0.029130 
Orangutan  0.029130 0.029130 0.029130 0.000000 0.029130 
Gibbon     0.029130 0.029130 0.029130 0.029130 0.000000 
5
Human      0.000000 0.000000 0.000000 0.000000 0.029130 
Chimpanzee 0.000000 0.000000 0.000000 0.000000 0.029130 
Gorilla    0.000000 0.000000 0.000000 0.000000 0.029130 
Orangutan  0.000000 0.000000 0.000000 0.000000 0.029130 
Gibbon     0.029130 0.029130 0.029130 0.029130 0.000000 
5
Human      0.000000 0.000000 0.014424 0.029130 0.029130 
Chimpanzee 0.000000 0.000000 0.014424 0.029130 0.029130 
Gorilla    0.014424 0.014424 0.000000 0.014424 0.044130 
Orangutan  0.029130 0.029130 0.014424 0.000000 0.059437 
Gibbon     0.029130 0.029130 0.044130 0.059437 0.000000 
5
Human      0.000000 0.000000 0.000000 0.000000 0.014424 
Chimpanzee 0.000000 0.000000 0.000000 0.000000 0.014424 
Gorilla    0.000000 0.000000 0.000000 0.000000 0.014424 
Orangutan  0.000000 0.000000 0.000000 0.000000 0.014424 
Gibbon     0.014424 0.014424 0.014424 0.014424 0.000000 
5
Human      0.000000 0.000000 0.014424 0.059437 0.059437 
Chimpanzee 0.000000 0.000000 0.014424 0.059437 0.059437 
Gorilla    0.014424 0.014424 0.000000 0.044130 0.044130 
Orangutan  0.059437 0.059437 0.044130 0.000000 0.029130 
Gibbon     0.059437 0.059437 0.044130 0.029130 0.000000 
