5
Human      0         0         0         0.0291299 0.0291299 
Chimpanzee 0         0         0         0.0291299 0.0291299 
Gorilla    0         0         0         0.0291299 0.0291299 
Orangutan  0.0291299 0.0291299 0.0291299 0         0.0291299 
Gibbon     0.0291299 0.0291299 0.0291299 0.0291299 0         
5
Human      0         0         0         0         0.0291299 
Chimpanzee 0         0         0         0         0.0291299 
Gorilla    0         0         0         0         0.0291299 
Orangutan  0         0         0         0         0.0291299 
Gibbon     0.0291299 0.0291299 0.0291299 0.0291299 0         
5
Human      0         0         0.0144235 0.0291299 0.0291299 
Chimpanzee 0         0         0.0144235 0.0291299 0.0291299 
Gorilla    0.0144235 0.0144235 0         0.0144235 0.0441304 
Orangutan  0.0291299 0.0291299 0.0144235 0         0.059437  
Gibbon     0.0291299 0.0291299 0.0441304 0.059437  0         
5
Human      0         0         0         0         0.0144235 
Chimpanzee 0         0         0         0         0.0144235 
Gorilla    0         0         0         0         0.0144235 
Orangutan  0         0         0         0         0.0144235 
Gibbon     0.0144235 0.0144235 0.0144235 0.0144235 0         
5
Human      0         0         0.0144235 0.059437  0.059437  
Chimpanzee 0         0         0.0144235 0.059437  0.059437  
Gorilla    0.0144235 0.0144235 0         0.0441304 0.0441304 
Orangutan  0.059437  0.059437  0.0441304 0         0.0291299 
Gibbon     0.059437  0.059437  0.0441304 0.0291299 0         
