# Amino acid mutation probability matrix taken from 
# @InCollection{day78:mod,
#  author	= {Dayhoff, M. O. and Schwartz, R. M. and Orcutt, B. C.},
#  title	= {A model of evolutionary change in proteins},
#  booktitle	= {Atlas of Protein Sequence and Structure},
#  key		= {L6},
#  pages	= {345-352},
#  publisher	= {National Biomedical Research Foundation, Washington DC},
#  year		= 1978,
#  editor	= {Dayhoff, M. O.},
#  volume	= "5/suppl.3"
#
       A      R      N      D      C      Q      E      G      H      I      L      K      M      F      P      S      T      W      Y      V
A 0.9867 0.0002 0.0009 0.0010 0.0003 0.0008 0.0017 0.0021 0.0002 0.0006 0.0004 0.0002 0.0006 0.0002 0.0022 0.0035 0.0032 0.0000 0.0002 0.0018
R 0.0001 0.9913 0.0001 0.0000 0.0001 0.0010 0.0000 0.0000 0.0010 0.0003 0.0001 0.0019 0.0004 0.0001 0.0004 0.0006 0.0001 0.0008 0.0000 0.0001
N 0.0004 0.0001 0.9822 0.0036 0.0000 0.0004 0.0006 0.0006 0.0021 0.0003 0.0001 0.0013 0.0000 0.0001 0.0002 0.0020 0.0009 0.0001 0.0004 0.0001
D 0.0006 0.0000 0.0042 0.9859 0.0000 0.0006 0.0053 0.0006 0.0004 0.0001 0.0000 0.0003 0.0000 0.0000 0.0001 0.0005 0.0003 0.0000 0.0000 0.0001
C 0.0001 0.0001 0.0000 0.0000 0.9973 0.0000 0.0000 0.0000 0.0001 0.0001 0.0000 0.0000 0.0001 0.0000 0.0000 0.0005 0.0001 0.0000 0.0003 0.0002
Q 0.0003 0.0009 0.0004 0.0005 0.0000 0.9876 0.0027 0.0001 0.0023 0.0001 0.0003 0.0006 0.0004 0.0000 0.0006 0.0002 0.0002 0.0000 0.0000 0.0001
E 0.0010 0.0000 0.0007 0.0056 0.0000 0.0035 0.9865 0.0004 0.0002 0.0003 0.0001 0.0004 0.0001 0.0000 0.0003 0.0004 0.0002 0.0000 0.0001 0.0002
G 0.0021 0.0001 0.0012 0.0011 0.0001 0.0003 0.0007 0.9935 0.0001 0.0000 0.0001 0.0002 0.0001 0.0001 0.0003 0.0021 0.0003 0.0000 0.0000 0.0005
H 0.0001 0.0008 0.0018 0.0003 0.0001 0.0020 0.0001 0.0000 0.9912 0.0000 0.0001 0.0001 0.0000 0.0002 0.0003 0.0001 0.0001 0.0001 0.0004 0.0001
I 0.0002 0.0002 0.0003 0.0001 0.0002 0.0001 0.0002 0.0000 0.0000 0.9872 0.0009 0.0002 0.0012 0.0007 0.0000 0.0001 0.0007 0.0000 0.0001 0.0033
L 0.0003 0.0001 0.0003 0.0000 0.0000 0.0006 0.0001 0.0001 0.0004 0.0022 0.9947 0.0002 0.0045 0.0013 0.0003 0.0001 0.0003 0.0004 0.0002 0.0015
K 0.0002 0.0037 0.0025 0.0006 0.0000 0.0012 0.0007 0.0002 0.0002 0.0004 0.0001 0.9926 0.0020 0.0000 0.0003 0.0008 0.0011 0.0000 0.0001 0.0001
M 0.0001 0.0001 0.0000 0.0000 0.0000 0.0002 0.0000 0.0000 0.0000 0.0005 0.0008 0.0004 0.9874 0.0001 0.0000 0.0001 0.0002 0.0000 0.0000 0.0004
F 0.0001 0.0001 0.0001 0.0000 0.0000 0.0000 0.0000 0.0001 0.0002 0.0008 0.0006 0.0000 0.0004 0.9946 0.0000 0.0002 0.0001 0.0003 0.0028 0.0000
P 0.0013 0.0005 0.0002 0.0001 0.0001 0.0008 0.0003 0.0002 0.0005 0.0001 0.0002 0.0002 0.0001 0.0001 0.9926 0.0012 0.0004 0.0000 0.0000 0.0002
S 0.0028 0.0011 0.0034 0.0007 0.0011 0.0004 0.0006 0.0016 0.0002 0.0002 0.0001 0.0007 0.0004 0.0003 0.0017 0.9840 0.0038 0.0005 0.0002 0.0002
T 0.0022 0.0002 0.0013 0.0004 0.0001 0.0003 0.0002 0.0002 0.0001 0.0011 0.0002 0.0008 0.0006 0.0001 0.0005 0.0032 0.9871 0.0000 0.0002 0.0009
W 0.0000 0.0002 0.0000 0.0000 0.0000 0.0000 0.0000 0.0000 0.0000 0.0000 0.0000 0.0000 0.0000 0.0001 0.0000 0.0001 0.0000 0.9976 0.0001 0.0000
Y 0.0001 0.0000 0.0003 0.0000 0.0003 0.0000 0.0001 0.0000 0.0004 0.0001 0.0001 0.0000 0.0000 0.0021 0.0000 0.0001 0.0001 0.0002 0.9945 0.0001
V 0.0013 0.0002 0.0001 0.0001 0.0003 0.0002 0.0002 0.0003 0.0003 0.0057 0.0011 0.0001 0.0017 0.0001 0.0003 0.0002 0.0010 0.0000 0.0002 0.9901
